1.200000
1.188060
1.176238
1.164535
1.152947
1.141475
1.130117
1.118873
1.107740
1.096717
1.085805
1.075001
1.064305
1.053715
1.043230
1.032850
1.022573
1.012398
1.002324
0.992351
0.982477
0.972701
0.963023
0.953440
0.943953
0.934561
0.925262
0.916055
0.906940
0.897916
0.888982
0.880136
0.871379
0.862708
0.854124
0.845626
0.837212
0.828881
0.820634
0.812468
0.804384
0.796380
0.788456
0.780611
0.772844
0.765154
0.757540
0.750003
0.742540
0.735152
0.727837
0.720595
0.713425
0.706326
0.699298
0.692340
0.685451
0.678631
0.671878
0.665193
0.658574
0.652021
0.645533
0.639110
0.632751
0.626455
0.620222
0.614050
0.607940
0.601891
0.595902
0.589973
0.584103
0.578291
0.572537
0.566840
0.561200
0.555616
0.550087
0.544614
0.539195
0.533830
0.528518
0.523259
0.518053
0.512898
0.507794
0.502742
0.497739
0.492787
0.487884
0.483029
0.478223
0.473464
0.468753
0.464089
0.459471
0.454900
0.450373
0.445892
0.441455
0.437063
0.432714
0.428408
0.424146
0.419925
0.415747
0.411610
0.407515
0.403460
0.399445
0.395471
0.391536
0.387640
0.383783
0.379964
0.376183
0.372440
0.368734
0.365066
0.361433
0.357837
0.354276
0.350751
0.347261
0.343806
0.340385
0.336998
0.333645
0.330325
0.327038
0.323784
0.320562
0.317373
0.314215
0.311088
0.307993
0.304928
0.301894
0.298890
0.295916
0.292972
0.290057
0.287171
0.284313
0.281484
0.278684
0.275911
0.273165
0.270447
0.267756
0.265092
0.262454
0.259843
0.257257
0.254698
0.252163
0.249654
0.247170
0.244711
0.242276
0.239865
0.237478
0.235115
0.232776
0.230460
0.228167
0.225896
0.223649
0.221423
0.219220
0.220620
0.222281
0.224218
0.226441
0.228965
0.231800
0.234958
0.238449
0.242281
0.246463
0.250999
0.255894
0.261151
0.266768
0.272744
0.279074
0.285751
0.292766
0.300106
0.307757
0.315704
0.323929
0.332413
0.341134
0.350070
0.359200
0.368499
0.377944
0.387511
0.397178
0.406921
0.416718
0.426548
0.436390
0.446226
0.456036
0.465803
0.475512
0.485149
0.494698
0.504149
0.513491
0.522712
0.531804
0.540759
0.549571
0.558232
0.566738
0.575084
0.583265
0.591280
0.599125
0.606799
0.614299
0.621624
0.628774
0.635749
0.642547
0.649171
0.655619
0.661893
0.667994
0.673923
0.679681
0.685270
0.690691
0.695946
0.701036
0.705964
0.710732
0.715341
0.719794
0.724092
0.728238
0.732234
0.736081
0.739783
0.743341
0.746758
0.750036
0.753176
0.756182
0.759055
0.761797
0.764411
0.766899
0.769262
0.771504
0.773626
0.775630
0.777518
0.779292
0.780955
0.782508
0.783953
0.785293
0.786528
0.787661
0.788695
0.789630
0.790468
0.791212
0.791863
0.792423
0.792893
0.793276
0.793573
0.793785
0.793915
0.793964
0.793933
0.793824
0.793639
0.793379
0.793046
0.792641
0.792165
0.791621
0.791009
0.790330
0.789587
0.788781
0.787912
0.786983
0.785994
0.784946
0.783842
0.782683
0.781468
0.780201
0.778881
0.777510
0.776089
0.774620
0.773103
0.771540
0.769931
0.768278
0.766581
0.764842
0.763062
0.761242
0.759382
0.757484
0.755549
0.753577
0.751569
0.749527
0.747451
0.745342
0.743201
0.741029
0.738827
0.736595
0.734334
0.732046
0.729730
0.727388
0.725020
0.722627
0.720210
0.717770
0.715307
0.712822
0.710315
0.707788
0.705241
0.702674
0.700089
0.697486
0.694936
0.692445
0.690017
0.687657
0.685371
0.683165
0.681043
0.679012
0.677077
0.675245
0.673521
0.671911
0.670423
0.669061
0.667831
0.666740
0.665792
0.664993
0.664349
0.663863
0.663540
0.663384
0.663398
0.663586
0.663949
0.664491
0.665212
0.666114
0.667197
0.668461
0.669907
0.671533
0.673337
0.675320
0.677478
0.679808
0.682309
0.684977
0.687809
0.690802
0.693950
0.697251
0.700699
0.704291
0.708022
0.711886
0.715879
0.719996
0.724231
0.728579
0.733035
0.737594
0.742249
0.746995
0.751827
0.756740
0.761727
0.766783
0.771902
0.777080
0.782311
0.787589
0.792909
0.798267
0.803657
0.809074
0.814513
0.819971
0.825442
0.830922
0.836407
0.841893
0.847377
0.852854
0.858321
0.863776
0.869214
0.874633
0.880031
0.885404
0.890751
0.896069
0.901357
0.906612
0.911833
0.917018
0.922167
0.927277
0.932348
0.937379
0.942368
0.947316
0.952222
0.957086
0.961906
0.966683
0.971416
0.976105
0.980751
0.985353
0.989911
0.994426
0.998897
1.003324
1.007709
1.012051
1.016350
1.020606
1.024821
1.028993
1.033124
1.037214
1.041263
1.045271
1.049238
1.053165
1.057053
1.060900
1.064708
1.068476
1.072205
1.075895
1.079545
1.083157
1.086729
1.090263
1.093758
1.097213
1.100630
1.104007
1.107345
1.110644
1.113903
1.117122
1.120301
1.123440
1.126538
1.129596
1.132612
1.135587
1.138521
1.141412
1.144261
1.147067
1.149830
1.152549
1.155224
1.157855
1.160441
1.162981
1.165476
1.167925
1.170327
1.172682
1.174990
1.177250
1.179462
1.181625
1.183739
1.185804
1.187819
1.189783
1.191697
1.193560
1.195372
1.197132
1.198841
1.200497
1.202100
1.203651
1.205150
1.206598
1.207996
1.209345
1.210646
1.211900
1.213110
1.214276
1.215400
1.216485
1.217531
1.218542
1.219518
1.220463
1.221379
1.222268
1.223133
1.223976
1.224800
1.225608
1.226403
1.227187
1.227964
1.228736
1.229506
1.230278
1.231053
1.231836
1.232628
1.233433
1.234254
1.235092
1.235950
1.236831
1.237737
1.238671
1.239633
1.240627
1.241653
1.242714
1.243810
1.244942
1.246112
1.247320
1.248567
1.249852
1.251176
1.252537
1.253936
1.255372
1.256843
1.258348
1.259885
1.261451
1.263045
1.264663
1.266303
1.267960
1.269632
1.271314
1.273001
1.274690
1.276374
1.278049
1.279710
1.281350
1.282963
1.284544
1.286086
1.287582
1.289027
1.290412
1.291733
1.292981
1.294151
1.295235
1.296228
1.297122
1.297913
1.298593
1.299157
1.299600
1.299917
1.300102
1.300152
1.300062
1.299829
1.299448
1.298918
1.298236
1.297399
1.296406
1.295255
1.293946
1.292478
1.290850
1.289064
1.287118
1.285015
1.282756
1.280341
1.277772
1.275052
1.272183
1.269167
1.266006
1.262704
1.259263
1.255686
1.251977
1.248139
1.244176
1.240090
1.235886
1.231567
1.227137
1.222599
1.217958
1.213217
1.208379
1.203449
1.198430
1.193325
1.188140
1.182877
1.177539
1.172131
1.166656
1.161117
1.155518
1.149862
1.144153
1.138393
1.132586
1.126736
1.120845
1.114915
1.108951
1.102955
1.096929
1.090877
1.084802
1.078704
1.072589
1.066457
1.060311
1.054154
1.047987
1.041814
1.035636
1.029455
1.023273
1.017093
1.010916
1.004744
0.998579
0.992423
0.986277
0.980143
0.974022
0.967917
0.961828
0.955757
0.949706
0.943676
0.937667
0.931683
0.925722
0.919788
0.913880
0.908001
0.902150
0.896330
0.890540
0.884782
0.879057
0.873365
0.867708
0.862084
0.856496
0.850944
0.845428
0.839948
0.834505
0.829100
0.823731
0.818401
0.813108
0.807852
0.802634
0.797454
0.792311
0.787206
0.782138
0.777106
0.772111
0.767153
0.762230
0.757342
0.752489
0.747670
0.742885
0.738132
0.733413
0.728725
0.724068
0.719441
0.714844
0.710276
0.705736
0.701224
0.696738
0.692279
0.687844
0.683434
0.679048
0.674686
0.670345
0.666027
0.661730
0.657454
0.653198
0.648962
0.644746
0.640549
0.636370
0.632210
0.628069
0.623945
0.619840
0.615753
0.611685
0.607634
0.603602
0.599589
0.595595
0.591621
0.587666
0.583731
0.579818
0.575926
0.572056
0.568208
0.564385
0.560586
0.556811
0.553064
0.549343
0.545650
0.541986
0.538352
0.534750
0.531180
0.527643
0.524141
0.520674
0.517245
0.513854
0.510503
0.507193
0.503926
0.500702
0.497524
0.494392
0.491309
0.488275
0.485294
0.482365
0.479492
0.476675
0.473917
0.471219
0.468584
0.466013
0.463508
0.461072
0.458708
0.456416
0.454200
0.452062
0.450005
0.448031
0.446144
0.444345
0.442639
0.441028
0.439515
0.438103
0.436797
0.435599
0.434513
0.433544
0.432694
0.431967
0.431369
0.430902
0.430571
0.430381
0.430335
0.430438
0.430695
0.431109
0.431686
0.432430
0.433344
0.434434
0.435703
0.437156
0.438796
0.440628
0.442654
0.444878
0.447303
0.449931
0.452765
0.455806
0.459056
0.462516
0.466186
0.470066
0.474156
0.478454
0.482958
0.487665
0.492574
0.497679
0.502978
0.508463
0.514132
0.519976
0.525989
0.532165
0.538496
0.544973
0.551588
0.558332
0.565197
0.572172
0.579249
0.586417
0.593667
0.600989
0.608373
0.615810
0.623289
0.630802
0.638339
0.645891
0.653449
0.661005
0.668551
0.676078
0.683579
0.691047
0.698475
0.705856
0.713185
0.720455
0.727661
0.734798
0.741861
0.748846
0.755749
0.762566
0.769293
0.775928
0.782467
0.788908
0.795249
0.801487
0.807621
0.813648
0.819569
0.825380
0.831082
0.836672
0.842152
0.847519
0.852773
0.857915
0.862943
0.867858
0.872659
0.877348
0.881923
0.886385
0.890734
0.894971
0.899097
0.903110
0.907013
0.910806
0.914489
0.918063
0.921529
0.924887
0.928138
0.931284
0.934324
0.937260
0.940092
0.942822
0.945451
0.947979
0.950407
0.952737
0.954969
0.957104
0.959144
0.961090
0.962942
0.964702
0.966371
0.967950
0.969441
0.970844
0.972161
0.973392
0.974540
0.975605
0.976590
0.977494
0.978319
0.979068
0.979740
0.980338
0.980863
0.981316
0.981698
0.982012
0.982259
0.982439
0.982556
0.982609
0.982601
0.982533
0.982408
0.982225
0.981988
0.981697
0.981355
0.980962
0.980522
0.980035
0.979503
0.978928
0.978313
0.977657
0.976965
0.976237
0.975475
0.974682
0.973860
0.973010
0.972134
0.971235
0.970316
0.969377
0.968422
0.967452
0.966471
0.965480
0.964482
0.963480
0.962475
0.961472
0.960471
0.959477
0.958492
0.957519
0.956561
0.955620
0.954700
0.953805
0.952936
0.952097
0.951292
0.950524
0.949796
0.949112
0.948474
0.947887
0.947354
0.946879
0.946464
0.946114
0.945831
0.945620
0.945484
0.945426
0.945449
0.945557
0.945753
0.946040
0.946421
0.946898
0.947476
0.948155
0.948939
0.949830
0.950829
0.951939
0.953162
0.954498
0.955948
0.957515
0.959198
0.960997
0.962914
0.964947
0.967096
0.969360
0.971738
0.974228
0.976829
0.979539
0.982354
0.985273
0.988291
0.991405
0.994612
0.997906
1.001284
1.004740
1.008269
1.011865
1.015522
1.019234
1.022994
1.026797
1.030634
1.034498
1.038382
1.042279
1.046182
1.050081
1.053971
1.057842
1.061688
1.065501
1.069274
1.073000
1.076671
1.080282
1.083825
1.087295
1.090686
1.093992
1.097209
1.100331
1.103356
1.106279
1.109096
1.111806
1.114405
1.116892
1.119264
1.121522
1.123664
1.125689
1.127598
1.129391
1.131069
1.132632
1.134083
1.135422
1.136652
1.137775
1.138792
1.139706
1.140521
1.141239
1.141862
1.142394
1.142838
1.143198
1.143476
1.143676
1.143802
1.143858
1.143845
1.143769
1.143633
1.143440
1.143193
1.142897
1.142555
1.142170
1.141746
1.141285
1.140792
1.140269
1.139721
1.139149
1.138557
1.137948
1.137325
1.136691
1.136048
1.135400
1.134748
1.134096
1.133447
1.132801
1.132163
1.131533
1.130914
1.130309
1.129719
1.129145
1.128591
1.128057
1.127546
1.127058
1.126595
1.126159
1.125751
1.125372
1.125023
1.124705
1.124419
1.124166
1.123946
1.123761
1.123610
1.123494
1.123414
1.123369
1.123360
1.123387
1.123450
1.123548
1.123682
1.123851
1.124055
1.124293
1.124564
1.124868
1.125205
1.125572
1.125970
1.126397
1.126852
1.127333
1.127840
1.128371
1.128925
1.129499
1.130092
1.130703
1.131329
1.131970
1.132621
1.133282
1.133951
1.134625
1.135301
1.135978
1.136652
1.137322
1.137984
1.138636
1.139275
1.139899
1.140503
1.141085
1.141642
1.142170
1.142667
1.143128
1.143550
1.143930
1.144264
1.144548
1.144779
1.144952
1.145063
1.145109
1.145085
1.144988
1.144813
1.144556
1.144213
1.143780
1.143253
1.142628
1.141901
1.141068
1.140127
1.139072
1.137902
1.136613
1.135203
1.133668
1.132008
1.130219
1.128301
1.126253
1.124073
1.121762
1.119320
1.116747
1.114044
1.111213
1.108255
1.105173
1.101969
1.098646
1.095208
1.091658
1.087999
1.084237
1.080375
1.076419
1.072372
1.068240
1.064028
1.059741
1.055385
1.050963
1.046482
1.041947
1.037363
1.032735
1.028067
1.023366
1.018635
1.013880
1.009104
1.004313
0.999511
0.994701
0.989888
0.985076
0.980268
0.975469
0.970680
0.965906
0.961150
0.956414
0.951702
0.947016
0.942359
0.937732
0.933139
0.928582
0.924062
0.919581
0.915140
0.910743
0.906390
0.902082
0.897821
0.893608
0.889444
0.885329
0.881266
0.877254
0.873294
0.869387
0.865533
0.861732
0.857985
0.854293
0.850654
0.847069
0.843538
0.840061
0.836638
0.833268
0.829951
0.826686
0.823474
0.820312
0.817202
0.814141
0.811129
0.808166
0.805250
0.802381
0.799558
0.796778
0.794042
0.791349
0.788696
0.786084
0.783510
0.780973
0.778473
0.776007
0.773575
0.771175
0.768805
0.766465
0.764153
0.761868
0.759608
0.757372
0.755158
0.752966
0.750793
0.748639
0.746502
0.744381
0.742275
0.740182
0.738102
0.736033
0.733974
0.731924
0.729882
0.727847
0.725819
0.723796
0.721777
0.719762
0.717750
0.715741
0.713733
0.711727
0.709722
0.707718
0.705714
0.703709
0.701705
0.699701
0.697696
0.695692
0.693687
0.691683
0.689679
0.687675
0.685673
0.683673
0.681676
0.679681
0.677690
0.675703
0.673723
0.671748
0.669781
0.667823
0.665875
0.663938
0.662014
0.660104
0.658210
0.656334
0.654476
0.652640
0.650828
0.649040
0.647281
0.645551
0.643853
0.642190
0.640565
0.638979
0.637437
0.635941
0.634494
0.633100
0.631761
0.630481
0.629264
0.628113
0.627032
0.626025
0.625096
0.624249
0.623488
0.622816
0.622240
0.621761
0.621386
0.621118
0.620962
0.620921
0.621000
0.621204
0.621536
0.622001
0.622601
0.623342
0.624227
0.625259
0.626441
0.627776
0.629267
0.630916
0.632726
0.634697
0.636831
0.639130
0.641593
0.644221
0.647013
0.649970
0.653088
0.656368
0.659807
0.663402
0.667151
0.671049
0.675095
0.679283
0.683609
0.688068
0.692656
0.697366
0.702194
0.707134
0.712179
0.717323
0.722561
0.727885
0.733290
0.738770
0.744317
0.749925
0.755589
0.761301
0.767056
0.772848
0.778671
0.784519
0.790387
0.796270
0.802162
0.808058
0.813953
0.819844
0.825726
0.831594
0.837446
0.843276
0.849083
0.854861
0.860610
0.866325
0.872003
0.877644
0.883244
0.888800
0.894312
0.899778
0.905195
0.910563
0.915879
0.921143
0.926354
0.931510
0.936612
0.941657
0.946645
0.951577
0.956450
0.961265
0.966022
0.970719
0.975357
0.979937
0.984456
0.988916
0.993316
0.997657
1.001938
1.006159
1.010321
1.014423
1.018466
1.022449
1.026374
1.030239
1.034046
1.037794
1.041484
1.045115
1.048688
1.052204
1.055661
1.059062
1.062405
1.065690
1.068919
1.072092
1.075208
1.078267
1.081271
1.084218
1.087110
1.089947
1.092728
1.095454
1.098126
1.100742
1.103305
1.105813
1.108268
1.110668
1.113016
1.115310
1.117551
1.119739
1.121876
1.123960
1.125993
1.127974
1.129904
1.131784
1.133614
1.135393
1.137124
1.138806
1.140439
1.142025
1.143563
1.145055
1.146500
1.147901
1.149256
1.150568
1.151837
1.153063
1.154248
1.155392
1.156496
1.157562
1.158591
1.159582
1.160539
1.161461
1.162351
1.163209
1.164036
1.164835
1.165607
1.166353
1.167075
1.167774
1.168453
1.169113
1.169756
1.170385
1.171000
1.171604
1.172199
1.172788
1.173372
1.173954
1.174536
1.175121
1.175711
1.176308
1.176915
1.177535
1.178170
1.178822
1.179494
1.180189
1.180910
1.181658
1.182435
1.183246
1.184091
1.184974
1.185895
1.186858
1.187865
1.188916
1.190014
1.191161
1.192357
1.193604
1.194903
1.196255
1.197659
1.199117
1.200628
1.202192
1.203808
1.205476
1.207193
1.208960
1.210772
1.212630
1.214529
1.216467
1.218440
1.220445
1.222478
1.224535
1.226610
1.228698
1.230794
1.232893
1.234988
1.237073
1.239141
1.241186
1.243200
1.245177
1.247109
1.248989
1.250810
1.252563
1.254243
1.255841
1.257350
1.258763
1.260075
1.261277
1.262363
1.263329
1.264167
1.264874
1.265443
1.265871
1.266153
1.266286
1.266267
1.266093
1.265761
1.265271
1.264620
1.263808
1.262834
1.261699
1.260402
1.258944
1.257327
1.255551
1.253620
1.251534
1.249296
1.246908
1.244374
1.241697
1.238879
1.235924
1.232836
1.229618
1.226273
1.222807
1.219223
1.215524
1.211714
1.207799
1.203781
1.199665
1.195455
1.191154
1.186768
1.182299
1.177753
1.173131
1.168440
1.163681
1.158859
1.153978
1.149041
1.144051
1.139013
1.133928
1.128801
1.123635
1.118433
1.113198
1.107932
1.102639
1.097322
1.091982
1.086624
1.081248
1.075859
1.070457
1.065046
1.059628
1.054205
1.048778
1.043350
1.037924
1.032500
1.027081
1.021668
1.016263
1.010868
1.005484
1.000113
0.994755
0.989414
0.984089
0.978782
0.973495
0.968228
0.962982
0.957759
0.952560
0.947385
0.942235
0.937111
0.932014
0.926945
0.921904
0.916892
0.911909
0.906956
0.902033
0.897141
0.892280
0.887450
0.882651
0.877884
0.873149
0.868446
0.863775
0.859135
0.854527
0.849951
0.845406
0.840892
0.836409
0.831956
0.827532
0.823139
0.818774
0.814437
0.810128
0.805846
0.801591
0.797360
0.793154
0.788972
0.784813
0.780675
0.776558
0.772461
0.768383
0.764323
0.760280
0.756252
0.752238
0.748239
0.744251
0.740275
0.736310
0.732353
0.728406
0.724465
0.720531
0.716603
0.712680
0.708761
0.704845
0.700933
0.697023
0.693114
0.689208
0.685303
0.681399
0.677497
0.673596
0.669696
0.665797
0.661901
0.658007
0.654116
0.650228
0.646344
0.642465
0.638592
0.634726
0.630868
0.627018
0.623179
0.619350
0.615535
0.611733
0.607947
0.604178
0.600427
0.596696
0.592987
0.589300
0.585639
0.582004
0.578397
0.574820
0.571274
0.567762
0.564286
0.560846
0.557445
0.554085
0.550767
0.547494
0.544268
0.541090
0.537962
0.534886
0.531865
0.528900
0.525994
0.523149
0.520366
0.517649
0.514999
0.512419
0.509911
0.507477
0.505121
0.502843
0.500649
0.498539
0.496516
0.494584
0.492745
0.491002
0.489358
0.487817
0.486380
0.485052
0.483836
0.482735
0.481752
0.480891
0.480155
0.479547
0.479071
0.478731
0.478530
0.478471
0.478559
0.478796
0.479185
0.479731
0.480436
0.481304
0.482337
0.483538
0.484911
0.486457
0.488179
0.490080
0.492160
0.494422
0.496867
0.499496
0.502309
0.505308
0.508491
0.511859
0.515410
0.519144
0.523059
0.527153
0.531423
0.535866
0.540480
0.545260
0.550203
0.555304
0.560558
0.565960
0.571504
0.577186
0.582997
0.588934
0.594988
0.601152
0.607421
0.613787
0.620243
0.626781
0.633395
0.640077
0.646819
0.653615
0.660457
0.667339
0.674252
0.681191
0.688149
0.695119
0.702095
0.709070
0.716039
0.722996
0.729936
0.736852
0.743741
0.750597
0.757415
0.764191
0.770921
0.777601
0.784227
0.790795
0.797303
0.803747
0.810124
0.816432
0.822667
0.828828
0.834911
0.840916
0.846840
0.852681
0.858438
0.864109
0.869693
0.875189
0.880594
0.885909
0.891132
0.896262
0.901299
0.906242
0.911089
0.915841
0.920498
0.925057
0.929520
0.933886
0.938154
0.942325
0.946398
0.950372
0.954249
0.958028
0.961709
0.965291
0.968776
0.972163
0.975453
0.978645
0.981741
0.984739
0.987642
0.990449
0.993160
0.995777
0.998299
1.000727
1.003063
1.005306
1.007457
1.009518
1.011489
1.013370
1.015163
1.016869
1.018489
1.020023
1.021473
1.022840
1.024124
1.025328
1.026453
1.027499
1.028468
1.029361
1.030180
1.030926
1.031601
1.032205
1.032741
1.033210
1.033613
1.033953
1.034230
1.034446
1.034604
1.034704
1.034749
1.034740
1.034680
1.034569
1.034410
1.034205
1.033956
1.033665
1.033333
1.032962
1.032556
1.032116
1.031644
1.031142
1.030612
1.030058
1.029481
1.028883
1.028267
1.027636
1.026991
1.026336
1.025673
1.025004
1.024333
1.023661
1.022993
1.022330
1.021675
1.021031
1.020401
1.019789
1.019196
1.018627
1.018084
1.017569
1.017087
1.016641
1.016232
1.015866
1.015544
1.015269
1.015046
1.014877
1.014764
1.014712
1.014723
1.014800
1.014946
1.015163
1.015456
1.015825
1.016274
1.016805
1.017420
1.018122
1.018913
1.019795
1.020769
1.021837
1.023001
1.024261
1.025619
1.027075
1.028631
1.030285
1.032040
1.033893
1.035846
1.037897
1.040044
1.042288
1.044626
1.047057
1.049577
1.052185
1.054878
1.057652
1.060505
1.063430
1.066426
1.069486
1.072607
1.075781
1.079005
1.082272
1.085575
1.088908
1.092264
1.095636
1.099017
1.102399
1.105774
1.109135
1.112473
1.115781
1.119051
1.122274
1.125443
1.128550
1.131588
1.134549
1.137425
1.140211
1.142899
1.145484
1.147959
1.150319
1.152560
1.154676
1.156665
1.158521
1.160243
1.161828
1.163273
1.164577
1.165739
1.166758
1.167635
1.168369
1.168960
1.169411
1.169723
1.169896
1.169934
1.169838
1.169612
1.169258
1.168779
1.168179
1.167462
1.166630
1.165688
1.164639
1.163488
1.162239
1.160896
1.159462
1.157943
1.156343
1.154665
1.152914
1.151095
1.149211
1.147266
1.145265
1.143212
1.141111
1.138965
1.136779
1.134556
1.132300
1.130014
1.127703
1.125370
1.123018
1.120650
1.118270
1.115881
1.113486
1.111087
1.108688
1.106291
1.103899
1.101515
1.099141
1.096779
1.094433
1.092103
1.089793
1.087503
1.085237
1.082996
1.080782
1.078596
1.076439
1.074315
1.072223
1.070165
1.068143
1.066157
1.064209
1.062298
1.060427
1.058596
1.056806
1.055056
1.053348
1.051681
1.050057
1.048475
1.046934
1.045436
1.043980
1.042565
1.041191
1.039858
1.038565
1.037311
1.036096
1.034918
1.033776
1.032670
1.031598
1.030558
1.029549
1.028570
1.027618
1.026693
1.025791
1.024911
1.024052
1.023209
1.022382
1.021568
1.020763
1.019967
1.019175
1.018385
1.017594
1.016800
1.015998
1.015187
1.014362
1.013520
1.012659
1.011774
1.010862
1.009921
1.008945
1.007933
1.006879
1.005782
1.004637
1.003440
1.002189
1.000881
0.999510
0.998075
0.996573
0.994999
0.993352
0.991629
0.989826
0.987942
0.985975
0.983921
0.981781
0.979551
0.977230
0.974819
0.972315
0.969718
0.967029
0.964247
0.961373
0.958408
0.955352
0.952208
0.948976
0.945658
0.942258
0.938777
0.935218
0.931584
0.927878
0.924105
0.920266
0.916367
0.912410
0.908400
0.904341
0.900238
0.896094
0.891913
0.887701
0.883461
0.879197
0.874914
0.870616
0.866308
0.861993
0.857675
0.853359
0.849049
0.844748
0.840459
0.836188
0.831937
0.827709
0.823509
0.819339
0.815203
0.811104
0.807045
0.803028
0.799057
0.795135
0.791263
0.787445
0.783684
0.779980
0.776338
0.772759
0.769244
0.765798
0.762420
0.759114
0.755881
0.752723
0.749641
0.746638
0.743714
0.740872
0.738112
0.735436
0.732845
0.730340
0.727923
0.725594
0.723354
0.721204
0.719144
0.717176
0.715300
0.713515
0.711823
0.710224
0.708718
0.707305
0.705984
0.704757
0.703621
0.702578
0.701627
0.700766
0.699996
0.699316
0.698725
0.698221
0.697805
0.697474
0.697228
0.697066
0.696985
0.696985
0.697065
0.697221
0.697454
0.697761
0.698140
0.698590
0.699109
0.699695
0.700345
0.701059
0.701833
0.702667
0.703558
0.704503
0.705502
0.706551
0.707649
0.708794
0.709984
0.711217
0.712490
0.713802
0.715152
0.716536
0.717954
0.719404
0.720883
0.722391
0.723926
0.725485
0.727069
0.728675
0.730303
0.731950
0.733617
0.735302
0.737004
0.738722
0.740456
0.742205
0.743969
0.745747
0.747539
0.749346
0.751166
0.753000
0.754849
0.756713
0.758592
0.760487
0.762399
0.764329
0.766277
0.768245
0.770234
0.772245
0.774280
0.776341
0.778429
0.780547
0.782695
0.784877
0.787094
0.789349
0.791643
0.793980
0.796361
0.798789
0.801266
0.803796
0.806380
0.809021
0.811721
0.814483
0.817308
0.820200
0.823160
0.826189
0.829290
0.832465
0.835714
0.839038
0.842439
0.845916
0.849471
0.853103
0.856812
0.860597
0.864457
0.868391
0.872396
0.876472
0.880616
0.884824
0.889095
0.893424
0.897809
0.902245
0.906728
0.911255
0.915820
0.920420
0.925049
0.929703
0.934377
0.939066
0.943765
0.948470
0.953176
0.957877
0.962570
0.967250
0.971913
0.976554
0.981169
0.985755
0.990308
0.994824
0.999301
1.003735
1.008124
1.012465
1.016755
1.020993
1.025176
1.029303
1.033373
1.037383
1.041334
1.045223
1.049051
1.052817
1.056520
1.060161
1.063739
1.067253
1.070706
1.074096
1.077424
1.080692
1.083899
1.087046
1.090135
1.093166
1.096141
1.099060
1.101925
1.104737
1.107497
1.110207
1.112868
1.115481
1.118049
1.120572
1.123052
1.125491
1.127890
1.130251
1.132575
1.134864
1.137119
1.139343
1.141535
1.143699
1.145836
1.147947
1.150033
1.152096
1.154137
1.156158
1.158160
1.160144
1.162112
1.164065
1.166004
1.167929
1.169843
1.171747
1.173640
1.175524
1.177401
1.179270
1.181133
1.182991
1.184843
1.186692
1.188536
1.190378
1.192217
1.194054
1.195890
1.197724
1.199557
1.201389
1.203221
1.205052
1.206884
1.208715
1.210547
1.212379
1.214211
1.216043
1.217875
1.219707
1.221539
1.223371
1.225203
1.227034
1.228865
1.230695
1.232523
1.234350
1.236176
1.237999
1.239821
1.241640
1.243456
1.245269
1.247078
1.248884
1.250685
1.252482
1.254274
1.256060
1.257841
1.259615
1.261383
1.263143
1.264896
1.266640
1.268375
1.270101
1.271817
1.273522
1.275216
1.276897
1.278565
1.280219
1.281857
1.283480
1.285085
1.286672
1.288238
1.289783
1.291305
1.292802
1.294272
1.295713
1.297124
1.298500
1.299841
1.301143
1.302404
1.303619
1.304786
1.305902
1.306962
1.307963
1.308900
1.309769
1.310567
1.311287
1.311925
1.312478
1.312938
1.313303
1.313566
1.313722
1.313768
1.313696
1.313504
1.313187
1.312739
1.312158
1.311438
1.310577
1.309571
1.308418
1.307115
1.305660
1.304051
1.302288
1.300369
1.298294
1.296064
1.293678
1.291139
1.288448
1.285605
1.282615
1.279478
1.276198
1.272778
1.269221
1.265531
1.261712
1.257767
1.253701
1.249518
1.245222
1.240817
1.236309
1.231700
1.226997
1.222203
1.217322
1.212359
1.207319
1.202204
1.197020
1.191771
1.186460
1.181091
1.175669
1.170196
1.164676
1.159112
1.153509
1.147868
1.142193
1.136486
1.130752
1.124991
1.119208
1.113403
1.107581
1.101742
1.095889
1.090024
1.084148
1.078265
1.072374
1.066479
1.060580
1.054680
1.048778
1.042877
1.036979
1.031083
1.025192
1.019305
1.013425
1.007552
1.001687
0.995830
0.989983
0.984146
0.978320
0.972505
0.966703
0.960912
0.955135
0.949372
0.943622
0.937887
0.932167
0.926462
0.920772
0.915099
0.909441
0.903800
0.898176
0.892569
0.886979
0.881407
0.875853
0.870316
0.864798
0.859298
0.853817
0.848355
0.842912
0.837489
0.832084
0.826700
0.821335
0.815991
0.810666
0.805362
0.800079
0.794816
0.789575
0.784354
0.779155
0.773977
0.768821
0.763686
0.758574
0.753484
0.748416
0.743370
0.738348
0.733348
0.728371
0.723417
0.718486
0.713579
0.708695
0.703835
0.698999
0.694188
0.689400
0.684637
0.679898
0.675184
0.670495
0.665831
0.661192
0.656579
0.651991
0.647429
0.642893
0.638382
0.633898
0.629441
0.625010
0.620606
0.616230
0.611880
0.607558
0.603265
0.598999
0.594762
0.590553
0.586374
0.582224
0.578105
0.574015
0.569957
0.565929
0.561933
0.557970
0.554039
0.550142
0.546279
0.542450
0.538657
0.534900
0.531180
0.527497
0.523854
0.520249
0.516686
0.513163
0.509683
0.506247
0.502856
0.499510
0.496212
0.492962
0.489762
0.486613
0.483516
0.480474
0.477488
0.474559
0.471689
0.468879
0.466133
0.463451
0.460835
0.458288
0.455811
0.453408
0.451079
0.448828
0.446657
0.444568
0.442564
0.440647
0.438821
0.437088
0.435452
0.433915
0.432480
0.431150
0.429930
0.428822
0.427829
0.426956
0.426206
0.425582
0.425089
0.424730
0.424508
0.424429
0.424495
0.424710
0.425080
0.425606
0.426294
0.427146
0.428167
0.429361
0.430730
0.432278
0.434008
0.435923
0.438027
0.440320
0.442807
0.445488
0.448365
0.451440
0.454713
0.458185
0.461856
0.465725
0.469793
0.474057
0.478515
0.483166
0.488007
0.493034
0.498244
0.503632
0.509194
0.514925
0.520818
0.526868
0.533068
0.539411
0.545891
0.552499
0.559227
0.566068
0.573013
0.580053
0.587180
0.594386
0.601661
0.608996
0.616384
0.623814
0.631278
0.638768
0.646276
0.653792
0.661309
0.668819
0.676314
0.683787
0.691231
0.698639
0.706005
0.713321
0.720583
0.727784
0.734919
0.741983
0.748971
0.755879
0.762703
0.769438
0.776081
0.782630
0.789079
0.795428
0.801672
0.807811
0.813842
0.819762
0.825571
0.831267
0.836848
0.842314
0.847663
0.852895
0.858009
0.863005
0.867883
0.872642
0.877282
0.881803
0.886206
0.890491
0.894658
0.898707
0.902639
0.906455
0.910155
0.913740
0.917211
0.920568
0.923814
0.926947
0.929970
0.932884
0.935690
0.938388
0.940979
0.943466
0.945850
0.948130
0.950309
0.952388
0.954369
0.956251
0.958038
0.959730
0.961328
0.962834
0.964249
0.965575
0.966813
0.967964
0.969030
0.970012
0.970912
0.971732
0.972471
0.973133
0.973719
0.974229
0.974666
0.975032
0.975326
0.975553
0.975712
0.975805
0.975834
0.975801
0.975707
0.975554
0.975343
0.975077
0.974756
0.974383
0.973960
0.973487
0.972968
0.972403
0.971795
0.971145
0.970455
0.969728
0.968965
0.968168
0.967339
0.966480
0.965594
0.964682
0.963747
0.962791
0.961815
0.960823
0.959817
0.958798
0.957770
0.956735
0.955695
0.954654
0.953613
0.952575
0.951543
0.950519
0.949507
0.948510
0.947530
0.946570
0.945633
0.944722
0.943841
0.942992
0.942179
0.941405
0.940672
0.939986
0.939347
